# Time	forces(pressure, viscous) moment(pressure, viscous)
0.00012	(((-3.41669e-08 7.98368e-12 -1.99789e-13) (-6.8946e-09 -2.80946e-09 9.1205e-13)) ((3.38955e-13 2.66075e-13 2.40205e-13) (-1.0079e-13 8.83411e-13 2.66932e-11)))
0.000264	(((-1.08831e-07 2.3724e-11 -2.82778e-12) (-1.40702e-08 6.21607e-10 -1.16077e-11)) ((2.19585e-12 2.23726e-13 7.83563e-13) (-2.47419e-12 1.7948e-12 2.93179e-10)))
0.0004368	(((-1.98129e-07 3.19692e-10 -8.70413e-12) (-2.75059e-08 2.40904e-09 -7.74575e-12)) ((2.281e-12 -4.00929e-13 -8.69396e-13) (-2.4296e-12 -1.27503e-12 5.86095e-10)))
0.00064416	(((-3.05851e-07 7.99633e-11 -7.31003e-12) (-4.27779e-08 3.21354e-09 2.50701e-12)) ((6.19653e-12 5.96002e-13 2.07037e-12) (-7.42664e-12 5.04143e-12 6.66346e-10)))
0.000892992	(((-4.33513e-07 3.59027e-10 -5.40221e-12) (-7.6661e-08 1.24018e-09 3.66843e-13)) ((3.54829e-12 -9.73122e-14 -4.23548e-13) (-2.85734e-12 -1.43305e-12 4.05266e-11)))
0.00119159	(((-5.8769e-07 -1.31393e-10 -5.31399e-11) (-8.22959e-08 3.62452e-09 1.21302e-10)) ((8.87525e-12 2.12425e-12 -4.07999e-12) (-6.70753e-12 8.62124e-12 1.0251e-09)))
0.00154991	(((-7.70852e-07 8.89671e-10 -6.61038e-12) (-1.37394e-07 2.69049e-09 -2.52684e-11)) ((6.59814e-12 -3.72729e-12 -1.21448e-12) (-6.57057e-12 -7.59678e-12 7.77308e-11)))
0.00197989	(((-9.91448e-07 1.14659e-09 1.84243e-11) (-1.45663e-07 8.29042e-09 -1.34458e-10)) ((1.48816e-11 3.0109e-12 1.72099e-11) (-9.64166e-12 3.37105e-12 1.69737e-09)))
0.00249587	(((-1.25525e-06 6.68535e-10 -3.7583e-11) (-1.99636e-07 1.36324e-08 1.30555e-10)) ((2.54536e-11 1.60145e-12 2.23516e-12) (-2.21116e-11 9.75123e-12 1.41811e-09)))
0.00311504	(((-1.56796e-06 5.36482e-10 7.79821e-11) (-2.67705e-07 7.85743e-09 -4.19308e-10)) ((2.0489e-11 6.21554e-12 2.11802e-11) (-2.0295e-11 2.28915e-11 1.39501e-09)))
0.00385805	(((-1.94257e-06 1.93969e-09 -1.94296e-11) (-3.17974e-07 1.71861e-08 -8.10614e-11)) ((3.6569e-11 8.75543e-13 1.14038e-11) (-2.77447e-11 5.94446e-15 1.80977e-09)))
0.00474966	(((-2.3889e-06 1.16013e-09 -4.53952e-11) (-4.02565e-07 2.41275e-08 -5.22808e-10)) ((4.88767e-11 2.64872e-12 2.49411e-11) (-4.5054e-11 1.73554e-11 2.28169e-09)))
0.00581959	(((-2.91736e-06 2.52753e-09 -2.90934e-11) (-4.87394e-07 2.32858e-08 -8.2213e-11)) ((5.91091e-11 1.34109e-12 1.762e-11) (-4.10779e-11 -9.07953e-13 2.13e-09)))
0.00710351	(((-3.53859e-06 2.38978e-09 -2.45254e-11) (-6.43634e-07 2.37941e-08 -1.09399e-10)) ((2.45309e-11 -1.93352e-11 -4.84783e-12) (-3.1282e-11 -4.43174e-11 1.05888e-09)))
0.00864421	(((-4.28456e-06 2.52629e-09 8.51258e-11) (-7.14923e-07 1.33129e-08 -3.29833e-10)) ((5.16946e-11 1.41493e-11 4.06184e-11) (-4.56573e-11 2.75232e-11 2.4194e-09)))
0.0104931	(((-5.15794e-06 -4.88272e-09 2.83091e-12) (-9.66336e-07 -1.34862e-08 1.27378e-10)) ((4.74023e-11 -2.38392e-11 1.92558e-10) (-2.57349e-11 -5.96228e-11 1.20911e-09)))
0.0127117	(((-6.18994e-06 7.88786e-09 1.8176e-10) (-1.1275e-06 3.1738e-08 -3.35176e-10)) ((5.07603e-11 -2.81053e-11 -1.34262e-10) (-3.58332e-11 -5.14033e-11 7.05285e-10)))
0.015374	(((-7.38251e-06 -5.774e-09 1.29966e-10) (-1.33498e-06 -1.01051e-08 1.06134e-10)) ((6.81316e-11 -3.41961e-11 2.86004e-10) (-3.13682e-11 -8.00014e-11 1.33236e-09)))
0.0185688	(((-8.76889e-06 1.03643e-08 5.84449e-10) (-1.53894e-06 3.98005e-08 -2.52842e-11)) ((8.83567e-11 -4.05968e-11 -1.98941e-10) (-3.73089e-11 -7.64432e-11 6.48871e-10)))
0.0224026	(((-1.0373e-05 1.66755e-08 -1.19619e-09) (-1.78482e-06 -7.06099e-08 1.00999e-09)) ((1.77137e-10 1.3235e-11 -1.01633e-09) (-7.97287e-11 4.74433e-11 -4.09608e-09)))
0.0270031	(((-1.21589e-05 2.09686e-08 -1.38984e-09) (-1.9629e-06 -2.65609e-08 1.51269e-09)) ((1.89826e-10 2.47747e-11 -9.06067e-10) (-8.99108e-11 2.55578e-11 -3.40259e-09)))
0.0325237	(((-1.45301e-05 -6.24709e-09 4.35335e-10) (-2.1218e-06 5.00297e-08 -7.45782e-10)) ((4.75498e-11 -5.07276e-11 1.22087e-10) (-6.31324e-11 -1.93087e-10 4.48598e-09)))
0.0391484	(((-1.68063e-05 -3.87167e-09 2.99792e-10) (-2.49947e-06 8.11222e-09 -5.76343e-10)) ((2.91025e-10 -1.80293e-11 -2.84104e-10) (1.06064e-10 1.14704e-10 6.24969e-09)))
0.0470981	(((-1.90985e-05 -1.08959e-08 1.56447e-09) (-2.59264e-06 -1.32641e-08 1.37922e-10)) ((2.56269e-10 -2.78498e-11 9.59109e-10) (3.96468e-12 5.60324e-11 6.37252e-09)))
0.0566377	(((-2.13511e-05 3.07196e-09 1.68233e-09) (-2.87477e-06 -1.85967e-08 -8.90869e-10)) ((2.46995e-10 -4.27003e-11 9.30066e-11) (-6.46866e-11 3.6316e-12 7.44501e-09)))
0.0680853	(((-2.31719e-05 -5.7632e-10 1.46486e-10) (-3.09208e-06 9.82403e-10 -6.9644e-10)) ((3.18949e-13 -5.55056e-11 -3.79693e-10) (4.00672e-11 -9.82507e-11 -1.92164e-10)))
0.0818223	(((-2.44416e-05 -1.31181e-08 1.63126e-09) (-3.05204e-06 1.27259e-07 1.6014e-09)) ((3.85044e-10 -6.13e-11 4.11273e-10) (3.95717e-11 -1.38927e-10 1.32303e-08)))
0.0983068	(((-2.40928e-05 -5.29897e-10 0) (-3.2865e-06 1.49875e-08 1.91139e-10)) ((2.00814e-10 2.56472e-11 7.30227e-10) (8.10417e-12 2.38712e-10 8.09706e-09)))
0.118088	(((-2.32278e-05 9.4701e-09 -1.80939e-10) (-3.05056e-06 1.09702e-07 1.32895e-09)) ((4.29745e-10 1.26993e-12 -1.40922e-10) (1.78747e-10 6.08079e-11 -1.45489e-09)))
0.138088	(((-2.07685e-05 -4.10725e-09 -3.52362e-09) (-2.67872e-06 7.75869e-08 3.23477e-09)) ((1.58228e-10 -9.11807e-11 -1.28474e-09) (4.3313e-10 1.00358e-10 3.13686e-09)))
0.158088	(((-1.87095e-05 3.38363e-09 -2.04788e-09) (-2.60718e-06 -1.788e-08 2.93245e-09)) ((-2.2878e-11 -1.21196e-10 3.33149e-11) (2.66087e-10 -1.36674e-10 6.09355e-11)))
0.178088	(((-1.70009e-05 6.30706e-09 0) (-2.66312e-06 -1.86609e-08 -8.39266e-10)) ((-9.91286e-12 -3.89505e-12 1.53517e-11) (9.70277e-10 -7.63108e-11 1.45877e-09)))
0.198088	(((-1.56281e-05 1.75304e-08 0) (-2.52465e-06 -1.50374e-07 -1.56211e-09)) ((1.76021e-10 -4.10754e-11 8.30731e-10) (4.59385e-10 -9.56576e-11 -5.38989e-09)))
0.218088	(((-1.43738e-05 -1.3143e-09 9.52538e-10) (-2.37964e-06 1.27453e-08 2.40436e-09)) ((4.28086e-10 -1.41928e-11 8.5813e-10) (-1.11735e-11 -5.72592e-11 1.89409e-09)))
0.238088	(((-1.29087e-05 2.24347e-08 8.49592e-11) (-2.16191e-06 5.28427e-08 1.22434e-09)) ((3.99142e-10 1.05185e-11 5.71816e-10) (6.25048e-11 6.05498e-12 -4.2192e-09)))
0.258088	(((-1.21683e-05 3.99949e-08 -1.7266e-09) (-2.25746e-06 8.1289e-09 1.14912e-09)) ((2.80238e-10 -6.60377e-13 5.07478e-10) (3.685e-10 -1.84967e-10 -7.53245e-09)))
0.278088	(((-1.15491e-05 2.20322e-10 3.56961e-11) (-2.30629e-06 1.38385e-08 -4.72768e-11)) ((2.29799e-10 5.88479e-12 5.31665e-11) (-5.17975e-11 2.91184e-11 3.65588e-09)))
0.298088	(((-1.10269e-05 -7.45215e-09 -2.55843e-09) (-2.33662e-06 4.64767e-08 -1.53505e-09)) ((-3.12851e-11 -9.85758e-11 -6.52665e-10) (-5.85701e-12 2.2429e-11 3.13806e-09)))
0.318088	(((-1.06189e-05 -6.6298e-09 -1.36952e-10) (-2.33244e-06 5.95885e-09 7.69357e-10)) ((2.90603e-10 -4.66748e-11 -4.56952e-10) (-1.41245e-10 -1.24466e-11 3.07255e-09)))
0.338088	(((-1.02634e-05 2.03961e-08 -5.23463e-10) (-2.26653e-06 -4.92355e-09 -1.79432e-09)) ((3.08591e-10 -3.9894e-11 -6.31374e-10) (6.36435e-12 -6.26267e-11 2.00811e-09)))
0.358088	(((-1.03783e-05 7.97848e-09 7.7e-11) (-2.46401e-06 -3.39977e-08 7.92962e-10)) ((4.59563e-11 -7.45361e-11 2.42834e-10) (1.18998e-10 -1.79946e-10 1.89474e-09)))
0.378088	(((-1.00548e-05 3.07581e-08 0) (-2.46851e-06 -2.73866e-07 4.52711e-09)) ((9.83074e-11 8.07474e-11 1.26552e-09) (4.66371e-10 6.68868e-11 -2.71187e-09)))
0.398088	(((-9.74302e-06 2.34103e-09 -1.62894e-09) (-2.42069e-06 -3.89518e-08 4.84215e-09)) ((9.83884e-11 -6.76802e-11 3.65857e-10) (3.76465e-10 -1.26564e-10 -1.08166e-09)))
0.418088	(((-9.53567e-06 2.01299e-09 0) (-2.52445e-06 -8.06944e-08 2.05943e-10)) ((2.09666e-11 -1.12951e-10 8.06065e-11) (5.70617e-10 -1.43582e-10 -2.47913e-09)))
0.438088	(((-9.29615e-06 -1.36001e-08 0) (-2.39836e-06 8.06729e-08 2.40085e-09)) ((4.75538e-11 -7.51086e-11 -6.33125e-11) (1.9269e-10 -8.73331e-11 4.83012e-09)))
0.458088	(((-9.10518e-06 9.00634e-09 -1.81521e-09) (-2.4225e-06 -4.06142e-08 1.8729e-11)) ((9.99672e-11 -8.18051e-11 -7.3397e-11) (3.56963e-10 -1.28429e-10 -1.04696e-09)))
0.478088	(((-8.52345e-06 -3.65802e-08 -2.06877e-09) (-2.40937e-06 4.52415e-08 7.74141e-10)) ((1.12036e-10 -8.8747e-11 -3.87079e-10) (-2.64945e-11 -6.71289e-11 8.02487e-09)))
0.498088	(((-8.43343e-06 -3.38602e-08 -1.6254e-09) (-2.20384e-06 2.19623e-08 9.47992e-10)) ((6.01657e-11 -8.0486e-11 -4.28685e-10) (-4.21216e-11 -3.58004e-11 7.35457e-09)))
0.518088	(((-8.39478e-06 1.81553e-08 -1.53436e-11) (-2.42778e-06 -1.84671e-08 2.60481e-09)) ((1.86997e-10 5.87173e-11 6.12313e-10) (3.62479e-11 -6.63745e-11 -1.20097e-09)))
0.538088	(((-7.66782e-06 2.08125e-08 2.25015e-10) (-2.51343e-06 6.69058e-09 -4.81603e-11)) ((6.08988e-11 -2.65594e-11 5.46614e-11) (-5.25049e-11 -7.3444e-11 1.76322e-09)))
0.558088	(((-8.38216e-06 -8.22179e-09 -9.48627e-10) (-2.27645e-06 4.3586e-08 3.41439e-09)) ((1.95535e-10 -9.04608e-11 -3.30391e-10) (3.4492e-12 -1.3604e-10 4.00026e-09)))
0.578088	(((-8.3301e-06 -6.195e-09 -2.89226e-10) (-2.15127e-06 4.5888e-08 8.0886e-10)) ((1.11466e-10 -8.06883e-11 -4.689e-11) (-5.58012e-11 -1.14582e-10 6.62955e-09)))
0.598088	(((-8.26183e-06 1.73867e-08 -5.25422e-10) (-2.46181e-06 -4.55976e-08 -1.80205e-09)) ((2.11326e-10 -7.52257e-11 -5.44706e-10) (1.74756e-11 4.78977e-11 5.81496e-09)))
0.618088	(((-8.70853e-06 1.24406e-08 6.85321e-10) (-2.41682e-06 -1.0725e-07 2.80225e-09)) ((1.85949e-10 9.77082e-12 5.43871e-10) (3.09419e-10 1.24216e-10 1.71847e-09)))
0.638088	(((-8.57889e-06 3.16069e-08 0) (-2.54026e-06 -8.80295e-08 5.4402e-10)) ((8.2518e-11 -6.79818e-11 2.64167e-10) (3.25528e-10 2.31779e-11 -3.23773e-10)))
0.658088	(((-8.49379e-06 9.27133e-09 -1.63434e-09) (-2.402e-06 -4.77489e-08 -1.0173e-09)) ((-9.72955e-11 -1.08485e-10 -1.12781e-10) (3.31927e-10 -8.82695e-11 -2.7816e-09)))
0.678088	(((-8.3787e-06 1.13261e-08 -5.29726e-10) (-2.49163e-06 -2.59925e-08 3.60602e-09)) ((4.08345e-11 -4.28726e-11 2.71002e-10) (2.54473e-10 -1.15262e-10 6.83165e-10)))
0.698088	(((-8.30658e-06 1.01441e-08 0) (-2.49833e-06 -4.22232e-08 5.88778e-10)) ((1.11099e-11 -8.25063e-11 1.30378e-12) (3.42102e-10 -1.26958e-10 -1.06171e-09)))
0.718088	(((-8.14097e-06 -1.34998e-08 -1.67495e-09) (-2.40766e-06 4.49085e-08 -4.72613e-10)) ((1.57945e-10 -6.74781e-11 -8.35246e-10) (2.13124e-11 -4.05041e-12 3.78865e-09)))
0.738088	(((-7.81951e-06 2.9178e-08 3.18197e-10) (-2.1895e-06 -7.73434e-09 -1.12389e-09)) ((2.87579e-10 1.41623e-11 3.48844e-10) (2.47761e-10 -1.23187e-10 1.66155e-09)))
0.758088	(((-7.80472e-06 4.54235e-08 1.92211e-09) (-2.24781e-06 2.99113e-08 3.56806e-09)) ((2.29765e-10 8.27348e-11 9.61654e-10) (1.94562e-10 -1.12e-10 -3.9593e-09)))
0.778088	(((-7.8469e-06 2.54827e-08 -1.22533e-10) (-2.22728e-06 1.91851e-08 4.30485e-10)) ((2.2298e-10 3.19422e-11 3.47166e-10) (-6.93507e-11 -8.71105e-11 6.93079e-10)))
0.798088	(((-7.85075e-06 -6.76592e-10 -4.06867e-10) (-2.32094e-06 3.15056e-08 -1.3804e-09)) ((1.08456e-10 -8.03705e-11 -4.18749e-10) (-4.73662e-11 1.17615e-11 3.60255e-09)))
0.818088	(((-7.86656e-06 -1.06506e-08 -9.31231e-10) (-2.23824e-06 3.70508e-09 -1.28548e-09)) ((1.5553e-11 -1.0744e-10 -3.50047e-10) (2.39668e-11 -1.85539e-10 2.96242e-09)))
0.838088	(((-7.87224e-06 -1.29762e-08 -2.52525e-10) (-2.30502e-06 3.42318e-09 1.0109e-09)) ((2.48773e-10 -3.19188e-11 -9.06412e-10) (-1.26348e-10 9.06302e-11 1.68918e-09)))
0.858088	(((-8.27381e-06 3.05611e-09 -3.3316e-10) (-2.47584e-06 2.3068e-08 -1.45043e-09)) ((-1.30523e-10 -4.0696e-11 -1.209e-10) (2.88862e-11 -2.86341e-11 2.00741e-09)))
0.878088	(((-8.22416e-06 9.16041e-09 -1.5002e-09) (-2.61686e-06 -7.3534e-08 -1.12432e-09)) ((9.24589e-11 -7.95311e-11 3.14458e-11) (3.28606e-10 -1.67773e-10 -1.33241e-09)))
0.898088	(((-8.13658e-06 2.5756e-09 0) (-2.43591e-06 -1.3316e-08 -9.0898e-10)) ((3.62103e-11 -6.90868e-11 -5.24401e-10) (4.36724e-11 -5.18607e-11 -1.42543e-09)))
0.918088	(((-8.12181e-06 -1.13039e-08 0) (-2.38825e-06 1.78589e-07 5.49658e-09)) ((2.78451e-11 -2.6454e-11 3.32906e-10) (3.79862e-10 -7.03093e-11 8.20842e-09)))
0.938088	(((-8.11438e-06 2.54287e-08 8.33617e-10) (-2.48617e-06 -3.32537e-07 -3.26998e-10)) ((3.04745e-10 -2.26053e-12 6.96359e-10) (3.00669e-10 -5.27893e-11 -4.2787e-09)))
0.958088	(((-8.02055e-06 7.71502e-09 -9.83181e-10) (-2.27022e-06 1.07759e-08 5.29112e-09)) ((-1.20408e-10 -2.48749e-11 -1.53001e-10) (2.14465e-12 -6.64043e-11 4.444e-09)))
0.978088	(((-7.60713e-06 2.0993e-08 9.11105e-10) (-2.29095e-06 -1.52777e-07 1.43789e-09)) ((3.55346e-10 2.19384e-11 6.92067e-10) (3.14711e-11 -8.50606e-11 -3.60791e-09)))
0.998088	(((-7.61753e-06 3.63265e-08 1.29919e-09) (-2.18044e-06 7.21497e-09 2.84923e-09)) ((1.45722e-10 8.56705e-11 4.86446e-10) (9.61576e-11 -3.42897e-11 -5.36863e-09)))
1.01809	(((-7.66218e-06 4.43338e-08 8.07453e-11) (-2.31143e-06 1.76783e-08 1.71901e-09)) ((2.50395e-10 2.12895e-11 5.92659e-10) (2.3386e-10 -1.64888e-10 -5.10779e-09)))
1.03809	(((-7.04926e-06 -8.16915e-10 1.53715e-09) (-2.56469e-06 -9.06591e-08 8.58213e-11)) ((1.26462e-10 -3.23751e-11 -5.6831e-10) (-9.67593e-11 3.7975e-11 -4.90675e-09)))
1.05809	(((-7.74979e-06 -1.73616e-08 1.80353e-10) (-2.23309e-06 -5.67354e-08 -3.09202e-10)) ((1.2513e-10 -2.68266e-11 -5.35028e-10) (8.3066e-11 6.79969e-11 1.41058e-10)))
1.07809	(((-7.81901e-06 9.56785e-09 -8.82243e-10) (-2.17074e-06 -3.0758e-08 2.60844e-09)) ((2.73237e-10 2.05675e-11 3.65384e-11) (2.24964e-11 -1.28041e-10 3.45958e-09)))
1.09809	(((-7.7649e-06 6.82524e-09 1.71572e-09) (-2.32025e-06 -3.09263e-10 7.71688e-10)) ((2.38759e-10 3.55753e-12 3.41665e-10) (5.12352e-11 -3.68056e-11 2.25819e-09)))
1.11809	(((-8.17496e-06 7.40761e-09 -1.55954e-09) (-2.49199e-06 1.65166e-09 1.1723e-10)) ((2.53624e-11 -5.92745e-11 8.19555e-11) (-1.40213e-11 -1.67452e-10 2.96966e-10)))
1.13809	(((-8.13868e-06 -1.13896e-08 0) (-2.41476e-06 1.24653e-07 3.34976e-09)) ((4.17143e-11 -8.08449e-11 6.41964e-12) (2.84177e-10 -6.44395e-11 5.65905e-09)))
1.15809	(((-8.06563e-06 6.52288e-09 -1.88283e-09) (-2.35001e-06 -1.125e-08 1.45016e-09)) ((-7.07135e-11 -5.75344e-11 9.03459e-11) (1.35663e-10 -1.23112e-10 -2.94809e-10)))
1.17809	(((-7.99183e-06 3.8086e-09 0) (-2.44795e-06 -1.55981e-08 2.78467e-09)) ((-5.36002e-11 1.92084e-13 4.43623e-10) (1.76802e-10 4.01508e-11 1.18619e-09)))
1.19809	(((-7.97007e-06 1.84406e-08 1.56246e-09) (-2.4438e-06 -1.92687e-07 1.7223e-09)) ((2.50469e-10 1.49941e-11 8.32907e-10) (1.76116e-10 -5.80034e-11 -3.51943e-09)))
1.21809	(((-7.80545e-06 -8.28032e-10 0) (-2.47942e-06 7.18855e-09 1.52896e-09)) ((-5.15675e-11 8.5914e-12 3.4204e-10) (8.88918e-12 2.87786e-11 -1.17702e-10)))
1.23809	(((-7.48399e-06 -1.14328e-08 -1.45776e-09) (-2.22644e-06 -3.58495e-08 4.32479e-10)) ((1.49311e-10 -3.30043e-11 -1.27231e-10) (-1.13279e-10 -5.24021e-11 8.57273e-09)))
1.25809	(((-7.5127e-06 1.64814e-08 1.02307e-10) (-2.31143e-06 5.3665e-09 1.47956e-09)) ((1.8615e-10 4.37248e-11 4.52201e-10) (6.51385e-11 -1.60309e-10 -1.05379e-10)))
1.27809	(((-7.56634e-06 1.68326e-10 2.25621e-09) (-2.38768e-06 -1.01697e-08 1.2662e-09)) ((2.13654e-11 3.9683e-11 7.16419e-11) (-5.36308e-12 8.50895e-12 -1.13408e-09)))
1.29809	(((-7.60487e-06 -5.90729e-09 -3.30263e-10) (-2.29378e-06 4.44397e-08 1.14465e-10)) ((2.32986e-10 -5.43423e-11 -3.82199e-10) (-8.79079e-11 -2.1774e-11 5.31818e-09)))
1.31809	(((-7.66438e-06 -6.11074e-09 -9.45646e-10) (-2.24913e-06 -2.13353e-08 2.90555e-09)) ((1.76251e-10 -6.32168e-11 -3.11211e-10) (-2.12006e-11 -1.58936e-10 2.10392e-09)))
1.33809	(((-7.68591e-06 1.69997e-08 -6.71176e-11) (-2.27992e-06 -1.01628e-07 5.83247e-10)) ((3.42581e-10 -9.18256e-12 8.88859e-11) (4.91854e-12 4.38284e-11 2.42277e-09)))
1.35809	(((-8.07305e-06 5.29677e-09 -2.09823e-10) (-2.45718e-06 -1.01445e-08 5.57978e-10)) ((1.89278e-11 -5.00514e-11 2.31526e-10) (6.12511e-11 -1.33123e-10 1.19787e-09)))
1.37809	(((-8.00108e-06 8.51916e-09 -1.90859e-09) (-2.56837e-06 -6.42662e-08 -2.56302e-09)) ((-1.16575e-10 -8.11942e-11 -7.7346e-11) (4.10036e-10 -2.48955e-11 -5.04401e-09)))
1.39809	(((-8.02094e-06 8.22266e-09 0) (-2.35551e-06 -2.30989e-07 3.15022e-10)) ((1.69247e-10 1.21287e-14 1.05088e-10) (3.61368e-10 1.34582e-11 -4.38583e-10)))
1.41809	(((-7.94573e-06 5.78971e-09 -1.07644e-11) (-2.47602e-06 1.90397e-08 3.17255e-10)) ((-4.83424e-11 -1.4874e-12 8.59782e-11) (3.13136e-10 2.9367e-11 -2.44294e-09)))
1.43809	(((-7.89049e-06 4.27992e-09 -3.73087e-10) (-2.47265e-06 -2.01127e-08 3.35485e-09)) ((2.98847e-11 -4.82851e-11 2.76181e-10) (1.92077e-10 -1.67301e-10 6.47159e-10)))
1.45809	(((-7.82953e-06 -1.70145e-08 -1.37094e-09) (-2.27316e-06 3.07464e-08 -2.97775e-10)) ((1.38898e-10 -4.89137e-11 -9.72596e-10) (3.6295e-12 5.13608e-12 3.87144e-09)))
1.47809	(((-7.37119e-06 1.43507e-08 -8.38425e-10) (-2.35979e-06 -2.31223e-09 1.97223e-10)) ((-1.99602e-10 -3.97588e-11 5.723e-10) (-5.78402e-11 -1.29474e-12 -3.46247e-09)))
1.49809	(((-7.45621e-06 2.50417e-08 3.37116e-10) (-2.06496e-06 2.36535e-08 2.18019e-09)) ((2.54856e-10 9.57146e-12 4.85702e-10) (3.12922e-10 -1.3763e-10 1.15648e-09)))
1.51809	(((-7.4991e-06 1.22814e-08 3.15571e-10) (-2.23241e-06 2.18499e-08 4.18756e-09)) ((2.79785e-10 -1.26779e-12 4.3368e-10) (1.82115e-10 -7.14455e-11 -1.47827e-10)))
1.53809	(((-6.9061e-06 3.3832e-09 -9.87731e-10) (-2.58403e-06 -1.11794e-07 1.44565e-10)) ((2.27354e-10 1.60675e-11 2.32069e-10) (-1.17916e-10 -7.45264e-11 -6.76554e-09)))
1.55809	(((-7.60992e-06 -9.23452e-09 -8.84929e-10) (-2.19468e-06 -8.26028e-08 -8.73957e-10)) ((1.0462e-10 -7.89537e-11 -5.37399e-10) (-1.67649e-11 -8.30788e-11 1.77099e-09)))
1.57809	(((-7.65144e-06 -3.04754e-12 -5.48179e-10) (-2.16501e-06 -6.65534e-08 1.08217e-09)) ((1.66589e-10 -6.35426e-11 -3.14321e-10) (-9.43864e-11 -7.07858e-11 2.15318e-09)))
1.59809	(((-7.61974e-06 1.84296e-08 4.28261e-10) (-2.32425e-06 -7.91796e-08 1.24021e-09)) ((2.40653e-10 -7.93448e-12 4.91956e-10) (3.18719e-11 -5.08841e-11 2.42194e-09)))
1.61809	(((-8.05111e-06 -5.9401e-09 0) (-2.39873e-06 2.32005e-08 1.82015e-09)) ((5.00675e-12 -9.97088e-11 -1.88416e-10) (1.83646e-10 -3.3175e-11 3.28107e-09)))
1.63809	(((-7.99394e-06 -8.54065e-09 0) (-2.437e-06 2.71478e-08 1.4487e-09)) ((9.47299e-11 2.4216e-12 -1.61626e-10) (6.32867e-11 4.22482e-12 5.31488e-09)))
1.65809	(((-7.94975e-06 1.2537e-08 -1.46057e-09) (-2.35777e-06 -4.43656e-08 -5.88634e-10)) ((-8.99045e-11 -8.04328e-11 3.62517e-11) (2.32463e-10 -7.4099e-11 -1.58563e-09)))
1.67809	(((-7.87951e-06 2.20224e-08 -3.34498e-10) (-2.49593e-06 -1.46665e-07 1.615e-09)) ((9.7304e-11 -3.50151e-11 4.94994e-10) (1.31439e-10 -7.59822e-11 5.06515e-10)))
1.69809	(((-7.82642e-06 5.71814e-09 -3.57963e-10) (-2.45616e-06 -1.40249e-08 2.58026e-09)) ((2.86199e-11 -3.91042e-11 2.5411e-10) (1.67467e-10 -1.472e-10 7.19173e-11)))
1.71809	(((-7.72185e-06 -1.09385e-08 -1.47403e-09) (-2.39739e-06 8.37799e-08 1.15833e-09)) ((1.23186e-10 -4.40414e-11 -3.92515e-10) (4.92702e-11 -6.32178e-11 5.74305e-09)))
1.73809	(((-7.34586e-06 -3.00214e-08 -1.32091e-09) (-2.16487e-06 2.30116e-08 -4.09671e-11)) ((4.91652e-11 -4.69814e-11 -7.25674e-10) (-7.25623e-11 -7.51209e-11 6.26999e-09)))
1.75809	(((-7.42178e-06 2.09045e-08 2.09706e-09) (-2.33787e-06 -6.62271e-08 9.08918e-10)) ((6.79709e-11 5.12275e-11 3.8457e-10) (-1.82482e-11 -6.35188e-11 -7.89351e-10)))
1.77809	(((-7.47955e-06 -7.18614e-09 -7.24629e-11) (-2.23023e-06 1.88954e-10 3.14812e-10)) ((1.9314e-10 3.06177e-12 -1.99616e-10) (-6.60658e-11 -4.07705e-12 8.23903e-09)))
1.79809	(((-7.51075e-06 4.20135e-09 -4.89614e-10) (-2.29037e-06 4.47934e-08 -1.1478e-09)) ((3.08531e-10 -2.4911e-11 -1.88498e-10) (-7.57247e-11 2.02656e-11 6.92449e-09)))
1.81809	(((-7.5234e-06 8.07068e-09 -4.09858e-10) (-2.21503e-06 5.96373e-09 8.074e-11)) ((5.45454e-11 -5.10654e-11 -2.21954e-10) (-3.99011e-11 -7.57572e-11 3.99174e-09)))
1.83809	(((-7.53662e-06 8.20588e-09 -2.35515e-10) (-2.36672e-06 -3.71069e-08 -6.43695e-11)) ((3.87975e-11 -1.46894e-11 -4.15265e-12) (-3.69915e-11 7.99831e-11 -2.36448e-09)))
1.85809	(((-8.00404e-06 -3.32633e-09 -1.68694e-10) (-2.39338e-06 -1.74618e-08 1.12021e-09)) ((7.22168e-11 -8.07221e-11 -4.15594e-10) (6.08556e-11 -8.87876e-11 4.4981e-09)))
1.87809	(((-7.89837e-06 1.17019e-08 -1.82005e-09) (-2.50081e-06 -2.13582e-08 1.36434e-09)) ((-1.1339e-10 -6.43973e-11 1.37874e-10) (1.91181e-10 -4.83199e-11 -1.02396e-09)))
1.89809	(((-7.82024e-06 2.25338e-09 0) (-2.40009e-06 -1.5064e-09 3.99024e-11)) ((2.52593e-11 -6.23423e-12 -1.11237e-10) (-3.59014e-12 -4.23763e-11 -1.63558e-10)))
1.91809	(((-7.84894e-06 -5.20594e-09 0) (-2.37241e-06 2.70767e-07 4.23838e-09)) ((4.32602e-11 -7.79387e-11 -8.24495e-12) (2.92565e-10 -1.43986e-10 1.07277e-08)))
1.93809	(((-7.79906e-06 9.82075e-09 -1.27698e-09) (-2.47358e-06 -2.62501e-08 -7.96494e-10)) ((-7.08443e-11 -8.01962e-11 -1.37436e-11) (5.20456e-11 -1.28172e-10 -2.93491e-10)))
1.95809	(((-7.75956e-06 1.18448e-08 -1.36358e-09) (-2.39966e-06 -2.36283e-08 7.80838e-10)) ((7.20237e-11 -4.36012e-11 1.17676e-10) (1.96845e-10 -1.05607e-10 -5.48618e-10)))
1.97809	(((-7.26514e-06 1.51856e-08 -6.92007e-10) (-2.43511e-06 5.62534e-09 -3.92012e-10)) ((-9.8823e-11 -3.10071e-11 6.04499e-10) (-3.52663e-11 -1.00703e-10 1.89316e-09)))
1.99809	(((-7.31329e-06 9.68028e-09 -1.02907e-09) (-2.25475e-06 5.03962e-09 -1.67566e-10)) ((-2.75284e-11 -6.90311e-11 2.281e-10) (-2.02969e-11 -2.31673e-10 9.97461e-10)))
2.01809	(((-7.42282e-06 -1.73982e-08 -2.18887e-10) (-2.23251e-06 5.65294e-09 2.24807e-09)) ((2.34637e-10 -1.36241e-11 -6.57801e-12) (5.49176e-11 -4.71038e-11 6.83275e-09)))
2.03809	(((-6.80642e-06 2.125e-09 -1.8423e-10) (-2.43621e-06 -5.0616e-08 3.52287e-10)) ((-2.17081e-11 -5.19503e-11 -7.08834e-10) (-7.16194e-11 -5.4458e-11 -1.45762e-10)))
2.05809	(((-7.51678e-06 1.55528e-08 1.24613e-10) (-2.30786e-06 -1.09279e-08 -1.71318e-09)) ((9.04604e-11 -7.65207e-11 3.89081e-10) (1.69079e-10 -6.85814e-11 8.37072e-10)))
2.07809	(((-7.5665e-06 1.67908e-08 3.76237e-11) (-2.19274e-06 -2.5234e-08 -2.5904e-10)) ((1.55446e-10 -7.37364e-12 2.66379e-10) (-4.4678e-11 -3.63076e-11 -2.56207e-09)))
2.09809	(((-7.51513e-06 -9.06227e-12 -1.92268e-10) (-2.42034e-06 -1.2002e-08 -8.318e-10)) ((1.04154e-11 -7.11986e-11 -3.99834e-11) (3.35015e-11 -1.34086e-10 -2.33282e-09)))
2.11809	(((-8.03514e-06 5.61967e-09 1.10192e-09) (-2.45846e-06 -3.75669e-08 2.0103e-09)) ((2.42468e-10 -2.55343e-11 1.24264e-10) (2.04702e-10 3.88803e-11 9.10124e-10)))
2.13809	(((-7.90497e-06 -1.29039e-08 0) (-2.39257e-06 4.33717e-08 -5.7682e-12)) ((6.41272e-11 -5.45422e-11 -7.77748e-10) (-7.71899e-12 -2.61555e-11 3.50204e-09)))
2.15809	(((-7.84806e-06 1.29769e-08 -1.38746e-09) (-2.32723e-06 -9.64913e-09 1.31824e-09)) ((-1.1523e-10 -1.03273e-11 6.79992e-10) (1.29481e-10 -5.19252e-11 6.15054e-10)))
2.17809	(((-7.83544e-06 1.82378e-08 1.49861e-09) (-2.46045e-06 -2.17374e-07 1.45385e-09)) ((2.17891e-10 -6.52881e-12 9.40083e-10) (1.37763e-10 -5.58168e-11 -4.60442e-09)))
2.19809	(((-7.77835e-06 5.38711e-09 0) (-2.47202e-06 -3.61848e-08 1.14471e-09)) ((9.12678e-12 -7.60712e-11 9.91621e-11) (2.37665e-10 -1.27231e-10 -1.59601e-09)))
2.21809	(((-7.67409e-06 1.18585e-08 1.70207e-09) (-2.48275e-06 -6.85154e-08 1.8681e-10)) ((1.46988e-10 2.55527e-11 7.34743e-10) (2.20053e-11 4.81641e-11 -1.9734e-09)))
2.23809	(((-7.26553e-06 -2.73695e-09 0) (-2.2717e-06 -1.14892e-09 2.91615e-11)) ((-1.34184e-10 8.8378e-14 1.46686e-11) (-5.03559e-11 3.42257e-11 -9.02686e-10)))
2.25809	(((-7.37176e-06 3.25539e-08 1.9261e-09) (-2.24438e-06 -3.74818e-08 2.51898e-09)) ((1.35129e-10 3.64351e-11 8.50661e-10) (6.65882e-11 -8.6973e-11 -6.48755e-09)))
2.27809	(((-7.39638e-06 2.64846e-08 3.12356e-09) (-2.2818e-06 -3.33217e-08 3.19962e-10)) ((-9.68019e-11 4.03406e-11 7.96039e-10) (-5.91973e-11 7.57516e-11 -3.60639e-09)))
2.29809	(((-7.43412e-06 -1.38614e-08 -1.84532e-10) (-2.22007e-06 -2.1248e-08 -1.83239e-10)) ((5.70186e-11 -7.53256e-11 -6.66186e-10) (1.09222e-10 -5.56892e-11 2.88464e-09)))
2.31809	(((-7.45428e-06 2.19489e-08 0) (-2.23965e-06 -2.74733e-08 -2.52132e-10)) ((1.24189e-10 4.4205e-11 9.25789e-10) (-3.30481e-11 2.81101e-11 -5.61716e-10)))
2.33809	(((-7.50594e-06 -4.7049e-09 -2.98167e-10) (-2.29768e-06 -8.01674e-08 -1.12282e-10)) ((1.86822e-10 -2.32829e-11 -2.7282e-10) (-2.97258e-11 -6.43133e-11 4.56423e-10)))
2.35809	(((-7.92727e-06 -3.51688e-09 -4.68995e-11) (-2.51963e-06 4.06271e-09 -1.2785e-09)) ((-4.34076e-11 -1.41107e-12 -1.15548e-10) (2.27796e-10 2.90837e-11 -2.29576e-09)))
2.37809	(((-7.86259e-06 1.60029e-08 0) (-2.55916e-06 -2.30387e-07 1.14662e-09)) ((7.49382e-11 -6.20898e-11 4.85975e-10) (1.77534e-10 -3.0769e-11 -4.39961e-09)))
2.39809	(((-7.79041e-06 -5.2488e-09 -2.01303e-10) (-2.39347e-06 -1.03497e-10 1.78346e-10)) ((6.02492e-11 -2.8148e-11 -3.36492e-10) (-1.23809e-11 -2.54714e-11 -1.22512e-09)))
2.41809	(((-7.79874e-06 -1.73186e-08 0) (-2.35569e-06 4.62189e-07 3.40478e-09)) ((4.42377e-11 -7.58414e-11 -3.32703e-10) (2.41533e-10 -1.44669e-10 1.57691e-08)))
2.43809	(((-7.74914e-06 -9.70729e-10 -9.83415e-10) (-2.46226e-06 -3.23124e-08 1.13746e-10)) ((-5.60764e-11 -7.9941e-11 -2.15402e-10) (1.40552e-10 -1.03711e-10 -1.20463e-09)))
2.45809	(((-7.71191e-06 1.85888e-09 -1.33397e-09) (-2.40089e-06 -2.27008e-08 1.12401e-09)) ((7.05374e-11 -4.45604e-11 -2.62743e-11) (2.05826e-10 -1.30913e-10 -6.26149e-10)))
2.47809	(((-7.23999e-06 6.31475e-10 -1.04909e-09) (-2.44443e-06 1.72862e-09 -1.48676e-10)) ((4.72306e-11 -9.14578e-12 1.87336e-11) (-8.14692e-12 -1.42262e-10 1.16364e-09)))
2.49809	(((-7.25778e-06 3.05301e-08 -3.44628e-11) (-2.26614e-06 -3.93605e-09 -1.3273e-10)) ((1.74647e-11 1.60094e-11 1.17839e-09) (-3.53845e-11 -5.539e-11 3.87716e-09)))
2.51809	(((-7.37056e-06 -2.66602e-08 -2.54737e-10) (-2.20948e-06 -1.96121e-08 1.97908e-09)) ((2.2897e-10 -1.45493e-11 -3.64292e-10) (4.99748e-11 -4.94034e-11 5.57481e-09)))
2.53809	(((-6.7963e-06 3.64939e-08 -9.46458e-10) (-2.39533e-06 -9.17966e-08 -2.53931e-10)) ((2.1452e-10 4.20842e-12 1.30507e-09) (-1.71279e-10 -5.60241e-11 -4.34881e-09)))
2.55809	(((-7.48907e-06 -1.30873e-08 -5.15162e-10) (-2.18761e-06 -1.47185e-08 -2.68097e-11)) ((1.59516e-10 -5.70901e-11 -6.4293e-10) (-4.00614e-11 -1.42722e-11 2.61394e-09)))
2.57809	(((-7.50953e-06 5.0252e-09 0) (-2.16277e-06 -3.82971e-08 -8.08025e-10)) ((1.08839e-10 -4.31661e-11 -3.90538e-10) (4.39516e-11 -4.06008e-11 4.37971e-09)))
2.59809	(((-7.50148e-06 5.98738e-09 4.97868e-10) (-2.31299e-06 -2.78462e-08 1.3805e-09)) ((2.17674e-10 -2.05844e-11 3.44772e-10) (3.95645e-11 -6.7749e-11 2.20534e-09)))
2.61809	(((-7.93799e-06 1.24581e-08 0) (-2.48195e-06 -4.50293e-08 1.47449e-09)) ((9.64462e-11 5.05889e-11 1.01372e-09) (1.85929e-10 6.23646e-12 -8.39176e-10)))
2.63809	(((-7.87489e-06 -3.08497e-09 2.22141e-11) (-2.47423e-06 -4.94578e-09 1.43104e-09)) ((-4.77442e-11 -1.84796e-11 4.42224e-11) (2.47934e-10 1.84687e-11 -1.66571e-10)))
2.65809	(((-7.80054e-06 4.10072e-09 -1.32882e-09) (-2.32477e-06 -7.4315e-09 1.01473e-09)) ((-1.09631e-10 -3.62468e-12 5.10557e-10) (1.05839e-10 -5.36257e-11 -2.57207e-10)))
2.67809	(((-7.77635e-06 1.40408e-09 -1.15746e-09) (-2.47789e-06 -3.69758e-08 6.13778e-10)) ((6.65222e-11 -4.44581e-11 -3.68798e-12) (2.35621e-10 -1.07101e-10 -1.97543e-09)))
2.69809	(((-7.71652e-06 1.00245e-10 -2.48545e-10) (-2.45775e-06 -8.41328e-09 1.75523e-09)) ((2.24142e-11 -3.85875e-11 1.00981e-10) (1.08813e-10 -1.52625e-10 -2.36946e-10)))
2.71809	(((-7.62103e-06 -1.46887e-08 -7.71979e-10) (-2.41676e-06 8.55402e-08 3.11219e-10)) ((2.04981e-10 2.27568e-11 -5.42995e-10) (2.2299e-10 1.99945e-11 8.4157e-09)))
2.73809	(((-7.2923e-06 -1.49818e-08 1.16728e-10) (-2.16564e-06 3.29254e-08 7.7988e-10)) ((2.58658e-10 -2.81774e-12 -3.12447e-10) (-5.61352e-11 -2.942e-11 7.33106e-09)))
2.75809	(((-7.29778e-06 1.40929e-08 4.05613e-11) (-2.19507e-06 1.38971e-08 6.48075e-10)) ((-1.50554e-10 4.12649e-11 5.26229e-10) (8.07573e-11 -4.0901e-11 -2.89647e-09)))
2.77809	(((-7.35163e-06 1.01963e-09 2.27598e-10) (-2.3496e-06 -2.65106e-08 1.13809e-09)) ((1.69033e-10 2.41504e-11 2.12473e-10) (6.19362e-11 -4.26745e-11 -8.72189e-10)))
2.79809	(((-7.3372e-06 3.87098e-09 -1.8672e-10) (-2.29165e-06 4.68365e-09 1.29657e-10)) ((-6.10757e-12 -2.92192e-11 4.1664e-10) (-1.85926e-11 -8.52969e-11 4.95548e-10)))
2.81809	(((-7.43554e-06 -1.06297e-08 -4.48485e-10) (-2.11285e-06 -1.55924e-08 -7.94277e-09)) ((9.51595e-11 2.47798e-12 -3.69606e-10) (-4.28408e-10 3.13838e-10 -1.87664e-09)))
2.83809	(((-7.48726e-06 -1.31299e-09 2.52285e-09) (-2.27661e-06 3.84398e-09 2.33937e-09)) ((4.63091e-10 -7.42842e-11 -2.33708e-10) (-4.16764e-11 -4.69455e-11 2.98614e-09)))
2.85809	(((-7.9075e-06 -9.42738e-09 -3.5934e-10) (-2.4105e-06 1.81537e-08 5.81096e-10)) ((7.09258e-11 -6.65432e-11 -6.27588e-10) (7.96545e-11 -6.00239e-11 3.48662e-09)))
2.87809	(((-7.84134e-06 2.18964e-08 1.19647e-09) (-2.51744e-06 -1.89298e-07 -4.60454e-10)) ((1.62772e-10 -3.20687e-11 9.62054e-10) (4.91141e-11 -2.3162e-11 -5.59102e-09)))
2.89809	(((-7.77233e-06 1.71809e-08 -2.12059e-10) (-2.43868e-06 -1.87852e-07 2.73073e-10)) ((7.6666e-11 -3.59681e-11 6.48778e-10) (-2.0085e-11 -1.00846e-10 -3.535e-09)))
2.91809	(((-7.71191e-06 7.5103e-09 -1.26565e-09) (-2.39065e-06 -8.48488e-09 1.08596e-09)) ((-1.05486e-10 -1.55481e-12 6.17724e-10) (1.15895e-10 -5.1259e-11 -4.78834e-10)))
2.93809	(((-7.70315e-06 3.16328e-09 -9.66139e-10) (-2.48031e-06 -3.05892e-08 5.41743e-12)) ((-5.58736e-11 -7.42136e-11 -7.06025e-11) (1.89026e-10 -9.89898e-11 -2.53925e-09)))
2.95809	(((-7.64246e-06 1.39695e-09 -1.43833e-11) (-2.39497e-06 -3.49318e-09 9.98026e-10)) ((6.29068e-13 -1.05924e-11 3.7894e-10) (3.73109e-11 -1.33354e-10 5.59371e-10)))
2.97809	(((-7.20546e-06 7.18765e-09 -1.25366e-09) (-2.50398e-06 -4.04136e-08 1.28617e-10)) ((1.28447e-10 1.37524e-11 2.81784e-10) (-5.89608e-13 -5.84477e-11 3.50196e-10)))
2.99809	(((-7.26577e-06 2.60232e-08 3.70315e-09) (-2.13999e-06 8.30323e-09 2.23018e-09)) ((3.54264e-11 -1.35028e-12 1.05444e-09) (6.45359e-11 -7.65256e-11 -5.37274e-09)))
3.01809	(((-7.32071e-06 -6.61071e-09 4.37826e-10) (-2.35972e-06 5.35305e-09 2.05446e-09)) ((1.9172e-10 4.69796e-11 -2.88087e-11) (7.03502e-11 -6.40664e-11 -1.91848e-09)))
3.03809	(((-6.72132e-06 -5.25338e-09 -2.43458e-10) (-2.51947e-06 -8.66196e-08 3.56838e-10)) ((-1.20812e-11 -4.2188e-11 -9.39235e-10) (-6.92835e-11 -4.487e-11 -7.23013e-09)))
3.05809	(((-7.43282e-06 -1.13854e-08 -5.17709e-10) (-2.21844e-06 -6.64177e-08 1.74094e-10)) ((1.56394e-11 -7.6399e-11 -7.58018e-10) (-2.35267e-11 -5.22817e-11 -2.11424e-10)))
3.07809	(((-7.49512e-06 5.50772e-10 -4.72107e-10) (-2.11641e-06 -6.6337e-08 1.46186e-09)) ((2.32344e-10 1.27824e-11 -3.45583e-10) (-1.28643e-10 1.24299e-11 1.27667e-09)))
3.09809	(((-7.45181e-06 7.48296e-09 -1.91795e-11) (-2.4451e-06 4.27175e-08 -7.86973e-10)) ((1.42572e-10 3.91864e-11 4.7312e-11) (-7.6302e-12 6.84514e-11 4.85867e-09)))
3.11809	(((-7.91256e-06 6.83365e-09 -9.3202e-10) (-2.44602e-06 7.85821e-09 1.2844e-09)) ((1.47398e-10 -3.34616e-11 2.80797e-10) (1.61512e-10 -1.34633e-11 5.6673e-09)))
3.13809	(((-7.86455e-06 -6.00501e-09 -2.02279e-10) (-2.45349e-06 -1.73461e-08 1.95226e-09)) ((7.77483e-11 -6.60186e-11 -4.77465e-10) (7.65174e-11 -1.43296e-10 1.80811e-09)))
3.15809	(((-7.80101e-06 7.17239e-09 -1.30591e-09) (-2.34114e-06 -2.95647e-08 -2.2463e-10)) ((-8.07153e-11 -5.60975e-11 4.82616e-11) (1.91525e-10 -6.76374e-11 -1.71154e-09)))
3.17809	(((-7.71851e-06 -1.0832e-08 -1.18122e-09) (-2.35286e-06 7.98201e-08 -3.02914e-11)) ((1.20613e-10 -1.60791e-11 -8.48568e-10) (-9.2905e-12 -2.10288e-11 5.9174e-09)))
3.19809	(((-7.68577e-06 6.10116e-09 -1.86698e-10) (-2.48166e-06 -3.69949e-08 4.36563e-09)) ((1.862e-11 -4.77613e-11 3.70224e-10) (2.48188e-10 -2.44191e-10 1.3938e-09)))
3.21809	(((-7.55144e-06 -1.10032e-08 -1.3115e-09) (-2.38261e-06 5.18925e-08 -2.67933e-10)) ((1.32379e-10 -1.31868e-11 -1.04721e-09) (1.95008e-13 1.48818e-12 5.1058e-09)))
3.23809	(((-7.20212e-06 -1.29607e-08 -1.08868e-09) (-2.21914e-06 1.23672e-08 2.039e-12)) ((3.04252e-11 -2.84131e-11 -6.37909e-10) (-5.15052e-11 -7.14376e-11 3.76758e-09)))
3.25809	(((-7.27238e-06 1.30378e-08 1.10514e-09) (-2.23795e-06 -1.86477e-09 8.37135e-10)) ((-1.16997e-10 -5.30157e-11 4.58455e-10) (8.48732e-13 -1.03638e-10 -3.81594e-09)))
3.27809	(((-7.28182e-06 -8.56389e-09 -8.29745e-10) (-2.22543e-06 1.77457e-08 1.0171e-10)) ((1.03987e-10 -2.55533e-11 -7.64261e-10) (-1.86174e-11 -3.87325e-11 3.60947e-09)))
3.29809	(((-7.32974e-06 -1.57929e-08 -1.51567e-10) (-2.19632e-06 2.30493e-08 2.45456e-10)) ((6.68259e-11 -8.26809e-11 -5.88056e-10) (-1.88845e-11 -1.20745e-10 6.41574e-09)))
3.31809	(((-7.43248e-06 1.16492e-08 4.77363e-10) (-2.23484e-06 -4.89288e-08 -1.08023e-09)) ((2.095e-10 -3.93647e-11 3.33251e-10) (1.29643e-11 3.75757e-11 2.6509e-09)))
3.33809	(((-7.4357e-06 8.08642e-09 -2.20783e-10) (-2.28504e-06 2.62598e-09 -2.1705e-10)) ((1.34313e-10 -5.29561e-11 -3.57192e-11) (-2.38563e-11 -2.76393e-11 4.3808e-09)))
3.35809	(((-7.86108e-06 -4.58656e-09 1.06018e-10) (-2.38653e-06 -3.78769e-09 3.94174e-10)) ((4.70277e-11 -7.64055e-11 -1.17473e-10) (5.12107e-11 -8.36238e-11 3.94581e-09)))
3.37809	(((-7.77694e-06 7.8383e-09 -6.31204e-11) (-2.51357e-06 -9.20444e-09 1.20386e-09)) ((1.76684e-11 -5.35816e-11 4.35531e-10) (4.90687e-11 -1.71856e-10 9.16411e-10)))
3.39809	(((-7.74469e-06 2.04318e-08 -1.52063e-10) (-2.45436e-06 -6.19536e-07 1.54358e-09)) ((8.28814e-11 -4.23829e-11 8.58452e-10) (1.48836e-10 -8.30587e-11 -1.875e-08)))
3.41809	(((-7.71473e-06 4.48854e-09 -9.95423e-10) (-2.43058e-06 -2.24322e-08 2.32093e-09)) ((6.05398e-11 -1.95085e-11 3.68419e-10) (1.6408e-10 -1.79158e-10 -8.37643e-10)))
3.43809	(((-7.70091e-06 -9.61475e-09 -1.42847e-10) (-2.38786e-06 1.66269e-07 9.09627e-10)) ((5.81353e-11 -5.94267e-11 -5.59618e-10) (1.18172e-10 -6.09929e-11 9.49713e-09)))
3.45809	(((-7.62059e-06 2.06604e-08 1.51199e-11) (-2.41345e-06 -7.73864e-08 1.41974e-10)) ((5.27121e-11 2.68243e-13 1.22378e-09) (-5.32381e-12 -2.73117e-11 8.07197e-10)))
3.47809	(((-7.20094e-06 -1.33027e-09 -1.47166e-09) (-2.26624e-06 -2.89461e-08 -8.07056e-10)) ((9.9155e-11 -2.27107e-11 -1.25348e-10) (1.10132e-10 -5.29136e-11 -3.04815e-10)))
3.49809	(((-7.22282e-06 3.24918e-08 1.01652e-09) (-2.13443e-06 1.78157e-08 3.1933e-09)) ((1.69698e-10 3.32992e-11 1.66525e-09) (1.40858e-10 -1.99816e-10 -2.36701e-09)))
3.51809	(((-7.28392e-06 -3.17875e-09 1.86389e-09) (-2.39098e-06 3.88496e-09 9.37204e-11)) ((-7.72831e-12 -3.50677e-11 -1.12609e-11) (-5.95189e-11 1.22193e-11 -1.65638e-10)))
3.53809	(((-6.69688e-06 5.16025e-09 -7.19547e-10) (-2.45633e-06 -8.51025e-09 2.56143e-10)) ((1.39405e-10 -2.0988e-12 6.30677e-10) (-5.65529e-11 -1.51157e-10 2.02684e-10)))
3.55809	(((-7.42884e-06 -5.63222e-09 -9.66908e-10) (-2.1831e-06 2.39744e-09 1.10583e-09)) ((1.59706e-10 -4.33625e-11 -4.90546e-10) (-1.13155e-10 -5.79801e-11 4.2802e-09)))
3.57809	(((-7.47448e-06 -1.88693e-09 4.64522e-10) (-2.10326e-06 -6.47579e-09 9.05819e-10)) ((2.26352e-10 -2.56909e-11 1.11295e-10) (-6.89865e-11 -8.47508e-11 6.05035e-09)))
3.59809	(((-7.46914e-06 -2.81937e-09 2.24942e-09) (-2.3377e-06 -3.65279e-08 1.41656e-09)) ((4.26648e-10 -8.05754e-11 -2.81903e-10) (-3.80549e-11 -4.87855e-11 2.47684e-10)))
3.61809	(((-7.89775e-06 1.77228e-08 -1.07255e-10) (-2.48357e-06 -4.83291e-08 3.80152e-10)) ((1.72639e-10 5.54606e-12 9.70027e-10) (2.04792e-10 6.73431e-12 -1.63887e-09)))
3.63809	(((-7.83352e-06 -2.5086e-09 -1.5771e-09) (-2.36592e-06 1.06612e-07 3.99539e-10)) ((-3.96427e-11 -3.41721e-11 -5.75355e-10) (2.46644e-10 -4.46658e-11 7.39667e-09)))
3.65809	(((-7.72521e-06 5.12442e-09 0) (-2.30577e-06 -7.50363e-10 0)) ((0 0 1.84049e-10) (0 0 3.61697e-10)))
3.67809	(((-7.73038e-06 -7.03095e-09 -2.1836e-10) (-2.38124e-06 -1.67662e-07 1.81817e-09)) ((6.26085e-11 -5.6344e-11 -4.67363e-10) (1.5555e-10 -8.25337e-11 -1.49204e-09)))
3.69809	(((-7.64112e-06 4.25323e-09 0) (-2.44657e-06 -1.99544e-08 -1.2217e-09)) ((2.6041e-11 -5.6228e-11 -4.07449e-10) (7.27445e-11 -1.51436e-11 -1.50454e-09)))
3.71809	(((-7.57237e-06 1.80939e-08 5.36353e-10) (-2.48477e-06 -9.23165e-08 -5.64265e-10)) ((2.51993e-10 -2.42408e-11 1.06199e-09) (4.39657e-11 -4.63547e-11 -3.39343e-09)))
3.73809	(((-7.20938e-06 2.70193e-09 -1.0888e-09) (-2.11378e-06 2.22436e-08 -3.55042e-11)) ((4.14473e-11 -1.44654e-11 2.50856e-10) (-4.92626e-11 -4.95e-11 3.56985e-10)))
3.75809	(((-7.24189e-06 1.43214e-08 -8.84907e-10) (-2.22847e-06 -7.73054e-09 3.20906e-10)) ((-1.82043e-11 -7.84725e-12 7.2716e-10) (-9.15727e-12 -9.88638e-11 -4.04599e-09)))
3.77809	(((-7.30589e-06 -7.03707e-10 -9.75144e-10) (-2.17777e-06 2.43861e-08 5.09741e-10)) ((2.02451e-11 -3.54212e-11 1.04257e-10) (-2.24834e-11 -6.15622e-11 8.22064e-10)))
3.79809	(((-7.32308e-06 -8.31724e-09 -4.36009e-10) (-2.20485e-06 2.44302e-08 9.70982e-10)) ((1.0868e-10 -6.02346e-11 -6.33547e-10) (-7.88186e-11 -8.2567e-11 4.17569e-09)))
3.81809	(((-7.40308e-06 1.41628e-08 -5.20528e-11) (-2.26526e-06 -2.63101e-08 -6.3725e-11)) ((1.89644e-10 1.87311e-13 3.59336e-10) (6.1164e-11 6.45677e-11 1.28503e-11)))
3.83809	(((-7.40718e-06 3.9397e-09 9.75731e-10) (-2.21083e-06 -2.55723e-08 -3.48774e-10)) ((1.71803e-10 -4.25656e-11 3.95226e-10) (3.08337e-11 3.45592e-11 3.40243e-09)))
3.85809	(((-7.83638e-06 4.07313e-09 -5.57858e-11) (-2.41431e-06 -1.16754e-08 -6.31936e-10)) ((1.06611e-10 -5.62074e-11 1.23259e-10) (-1.97067e-11 -2.18418e-11 4.84272e-09)))
3.87809	(((-7.78155e-06 1.76847e-10 1.56711e-09) (-2.42365e-06 -1.84093e-08 6.02713e-11)) ((2.10596e-10 -6.06111e-11 3.1465e-10) (-2.90042e-11 -7.57655e-12 2.17444e-09)))
3.89809	(((-7.69663e-06 6.39749e-09 0) (-2.3816e-06 -2.23385e-08 1.97338e-09)) ((-1.8432e-11 -1.89662e-11 8.52266e-10) (1.7367e-10 -8.59738e-11 -3.00956e-10)))
3.91809	(((-7.68987e-06 2.10018e-09 -9.34673e-10) (-2.42745e-06 -1.22257e-08 1.77668e-09)) ((5.5565e-11 -1.6288e-11 2.70665e-10) (1.22008e-10 -1.75339e-10 -7.4589e-10)))
3.93809	(((-7.65437e-06 1.01251e-09 -1.11478e-09) (-2.48508e-06 -1.94096e-08 2.44823e-09)) ((6.489e-11 -1.2592e-11 2.44856e-10) (1.50382e-10 -2.20114e-10 -5.24335e-10)))
3.95809	(((-7.61215e-06 1.09877e-09 -9.06482e-10) (-2.39249e-06 -1.46304e-08 2.15804e-09)) ((5.41196e-11 -2.37943e-11 2.57475e-10) (1.63247e-10 -2.03666e-10 -6.7479e-10)))
3.97809	(((-7.14281e-06 9.18798e-09 0) (-2.34511e-06 -1.79797e-08 1.03522e-10)) ((-7.08423e-11 4.37916e-12 7.65246e-10) (-2.38727e-11 8.63677e-12 -4.38477e-09)))
3.99809	(((-7.22825e-06 1.75444e-08 -2.59708e-10) (-2.06557e-06 -2.3961e-08 2.95542e-09)) ((2.59776e-10 1.67002e-11 7.32442e-10) (1.58018e-10 -1.53877e-10 2.05896e-10)))
4.01809	(((-7.25832e-06 -6.09501e-09 1.34055e-10) (-2.36858e-06 -5.89896e-09 1.30935e-11)) ((1.07581e-10 4.80203e-11 -3.28979e-10) (-1.00595e-11 6.81217e-11 -8.05714e-10)))
4.03809	(((-6.69852e-06 5.06113e-09 -9.47091e-10) (-2.53266e-06 -1.06371e-07 1.22337e-10)) ((2.25698e-10 3.82195e-11 3.69954e-10) (-7.92419e-11 -5.00597e-11 -7.87092e-09)))
4.05809	(((-7.38266e-06 -5.9264e-10 -5.2042e-10) (-2.17961e-06 1.03383e-08 1.88117e-10)) ((3.56624e-11 -7.2292e-11 -1.75018e-10) (-3.3815e-11 -1.31426e-10 4.61961e-09)))
4.07809	(((-7.4491e-06 8.95171e-09 -8.38792e-10) (-2.15707e-06 -2.93658e-08 6.11853e-10)) ((2.17442e-10 -3.10692e-12 -2.89167e-10) (-6.78724e-11 -2.72706e-11 4.11681e-09)))
4.09809	(((-7.3666e-06 1.1539e-08 -9.57282e-11) (-2.37038e-06 3.83517e-09 -9.74461e-11)) ((1.20157e-12 -2.53347e-11 8.97871e-10) (-2.82645e-11 -1.08641e-11 1.80584e-09)))
4.11809	(((-7.83577e-06 5.54309e-09 -1.40731e-10) (-2.51296e-06 -7.51906e-09 -6.84287e-10)) ((-2.73677e-11 -8.48183e-11 1.21948e-10) (2.2116e-11 -1.01893e-10 -1.24153e-09)))
4.13809	(((-7.762e-06 2.8896e-09 -1.12152e-10) (-2.46969e-06 -1.06363e-08 1.61467e-10)) ((1.41164e-11 -4.11166e-11 -1.11038e-10) (-2.10118e-11 -1.3874e-10 -1.36266e-09)))
4.15809	(((-7.77045e-06 1.21357e-08 -1.50918e-10) (-2.34755e-06 -6.45448e-07 1.14399e-09)) ((1.20144e-10 2.04325e-11 1.03462e-09) (1.06164e-10 -8.75196e-11 -2.71104e-08)))
4.17809	(((-7.67402e-06 -4.30454e-10 -1.08486e-09) (-2.43838e-06 -2.88373e-08 -7.35305e-10)) ((8.26415e-11 -1.81982e-11 -5.83283e-10) (4.49729e-11 -3.16619e-11 -2.63479e-09)))
4.19809	(((-7.67003e-06 -7.90105e-09 -1.19034e-09) (-2.38676e-06 7.4142e-08 1.98666e-09)) ((1.13907e-10 -2.03749e-11 -5.04337e-10) (3.58991e-10 -1.77408e-10 8.98535e-09)))
4.21809	(((-7.5266e-06 1.59088e-08 1.10022e-09) (-2.46067e-06 -1.4207e-07 9.23725e-10)) ((1.39816e-10 3.85998e-12 1.57591e-09) (8.97436e-12 -3.60549e-11 -4.61019e-09)))
4.23809	(((-7.2126e-06 1.46657e-08 -2.59902e-10) (-2.12052e-06 -5.02557e-08 1.9355e-09)) ((2.09564e-10 2.71025e-11 9.64933e-10) (4.83023e-11 -1.13892e-10 -2.92066e-09)))
4.25809	(((-7.24009e-06 2.2139e-08 -4.882e-11) (-2.23359e-06 6.37416e-09 2.99168e-09)) ((1.60548e-10 4.19516e-11 1.12729e-09) (1.32156e-10 -1.88612e-10 -3.79655e-09)))
4.27809	(((-7.29175e-06 3.97394e-09 6.51302e-10) (-2.22082e-06 1.53498e-09 1.99595e-10)) ((2.21994e-11 -5.87337e-11 4.07437e-11) (-8.20085e-11 -1.7013e-11 1.20524e-09)))
4.29809	(((-7.29279e-06 -1.33826e-08 -2.4329e-10) (-2.20202e-06 2.62778e-08 -5.68524e-10)) ((1.03119e-10 -3.91925e-11 -1.19677e-09) (5.14525e-12 8.93135e-11 2.95458e-09)))
4.31809	(((-7.36608e-06 -2.18571e-10 -4.83019e-10) (-2.20149e-06 1.66486e-09 -3.11155e-10)) ((4.25409e-11 -6.75108e-11 -2.15943e-10) (-3.13965e-11 -7.8059e-11 4.16119e-09)))
4.33809	(((-7.39883e-06 1.4272e-09 -1.77243e-10) (-2.28091e-06 -1.3117e-08 1.11848e-09)) ((2.41409e-10 -2.8446e-11 -3.20433e-10) (-1.39933e-10 -6.88261e-11 4.31898e-09)))
4.35809	(((-7.78072e-06 6.3851e-09 5.06646e-11) (-2.4365e-06 -1.6754e-08 9.49639e-10)) ((-1.81244e-11 -1.75782e-11 8.11902e-10) (5.30903e-11 -1.04439e-10 7.51844e-10)))
4.37809	(((-7.75722e-06 1.50425e-08 1.00425e-09) (-2.53031e-06 -1.89124e-07 -4.95911e-10)) ((2.20983e-10 -4.23852e-11 1.0304e-09) (8.12824e-12 -1.99513e-11 -8.64484e-09)))
4.39809	(((-7.70965e-06 1.53802e-08 -3.31774e-12) (-2.45904e-06 -2.25517e-07 -1.27908e-09)) ((6.91913e-11 -6.46315e-11 6.34878e-10) (6.72638e-11 -2.63052e-11 -9.12412e-09)))
4.41809	(((-7.6861e-06 2.65039e-09 0) (-2.43948e-06 -3.48564e-08 1.54145e-09)) ((6.80659e-12 -7.67193e-11 1.67652e-10) (2.47272e-10 -1.59703e-10 -2.22327e-09)))
4.43809	(((-7.65107e-06 2.98725e-09 -9.54297e-10) (-2.48512e-06 -1.41712e-08 -1.26891e-10)) ((5.92218e-11 -2.83937e-11 1.06006e-10) (1.08319e-10 -1.13686e-10 -1.0326e-09)))
4.45809	(((-7.57201e-06 7.34152e-09 0) (-2.36681e-06 -6.93861e-09 1.23943e-09)) ((-2.09645e-11 -3.40171e-12 7.86941e-10) (1.00268e-10 -8.28618e-11 2.99096e-10)))
4.47809	(((-7.15008e-06 -6.46434e-09 1.2167e-09) (-2.38128e-06 4.17702e-09 7.37385e-10)) ((-5.44757e-11 5.70899e-11 -1.70573e-10) (3.98429e-12 6.32542e-11 5.36314e-09)))
4.49809	(((-7.17545e-06 1.99616e-08 0) (-2.17043e-06 1.94549e-08 4.21416e-09)) ((2.6563e-12 1.65042e-11 7.0613e-10) (-1.7304e-10 -1.70492e-10 7.49888e-09)))
4.51809	(((-7.22659e-06 5.06461e-09 -8.14606e-10) (-2.37587e-06 1.05576e-08 8.12368e-10)) ((1.30051e-10 3.60805e-12 3.86689e-10) (1.7117e-11 -1.19945e-10 2.07186e-09)))
4.53809	(((-6.67098e-06 -1.32124e-09 -9.00929e-10) (-2.50774e-06 -1.37235e-07 4.40916e-11)) ((2.42164e-10 5.3053e-11 -1.88797e-10) (-7.18549e-11 4.91898e-11 -1.07255e-08)))
4.55809	(((-7.38525e-06 -8.76433e-09 -9.86258e-10) (-2.16908e-06 -6.50775e-08 -6.33591e-10)) ((1.17997e-10 -3.78872e-11 -7.54563e-10) (-2.96071e-11 -5.04292e-11 6.97479e-10)))
4.57809	(((-7.43963e-06 6.92187e-09 2.04559e-09) (-2.14331e-06 -3.1427e-08 3.35436e-10)) ((3.12738e-10 -1.08142e-10 3.17467e-11) (9.22145e-12 5.36915e-12 3.68489e-09)))
4.59809	(((-7.40782e-06 2.11635e-09 -3.67481e-10) (-2.35914e-06 -1.69557e-08 -6.77022e-10)) ((1.37404e-10 -3.59335e-11 -1.82514e-10) (-1.25471e-11 2.43402e-11 4.27285e-09)))
4.61809	(((-7.88257e-06 1.76938e-09 1.46667e-09) (-2.42754e-06 -3.22295e-08 6.52305e-10)) ((2.20702e-10 -6.53894e-11 1.08618e-10) (2.75321e-10 1.90037e-12 9.77763e-10)))
4.63809	(((-7.80328e-06 -6.23327e-09 -2.97071e-10) (-2.41989e-06 -3.7746e-08 2.23894e-09)) ((6.92605e-11 -5.5102e-11 -4.56158e-10) (1.55174e-10 -1.23983e-10 5.23886e-10)))
4.65809	(((-7.71975e-06 7.95762e-10 0) (-2.32488e-06 -2.78611e-08 -1.12071e-09)) ((2.3127e-11 -5.27462e-11 -5.25315e-10) (5.52706e-11 8.0494e-12 -2.10866e-09)))
4.67809	(((-7.69724e-06 -7.17209e-09 0) (-2.37133e-06 9.33788e-08 1.09256e-09)) ((5.03586e-11 -6.15035e-11 -5.27238e-10) (2.14902e-10 -8.63464e-11 9.07068e-09)))
4.69809	(((-7.66499e-06 1.69337e-08 2.04632e-10) (-2.45286e-06 -1.48517e-07 -5.61588e-10)) ((2.03984e-10 -1.07761e-11 1.08448e-09) (1.29303e-10 -2.13281e-11 -6.67497e-09)))
4.71809	(((-7.49428e-06 3.67909e-09 -1.37177e-09) (-2.44837e-06 5.33155e-09 3.68971e-10)) ((7.19159e-12 -1.47954e-11 2.04696e-10) (-2.27866e-12 -1.25483e-10 -3.64004e-11)))
4.73809	(((-7.17579e-06 1.05479e-08 -1.28362e-12) (-2.2843e-06 -2.37356e-08 7.61099e-10)) ((1.65197e-10 4.07368e-11 6.65167e-10) (3.23728e-12 -8.34417e-11 -1.46492e-09)))
4.75809	(((-7.22083e-06 9.12589e-09 1.0073e-11) (-2.31041e-06 2.93192e-09 4.20597e-10)) ((1.46359e-10 7.20424e-11 3.73969e-10) (-2.36076e-11 -4.97347e-11 -6.35951e-10)))
4.77809	(((-7.25567e-06 -7.49857e-09 -1.03754e-09) (-2.22935e-06 4.23974e-08 3.74636e-11)) ((4.7179e-11 -4.70324e-12 -5.57833e-10) (-7.13973e-12 -6.9986e-11 6.55945e-09)))
4.79809	(((-7.27486e-06 1.31128e-08 -3.78258e-10) (-2.30144e-06 1.37208e-08 8.01983e-10)) ((9.87744e-11 2.33292e-11 7.95246e-10) (1.17568e-10 -6.59772e-11 3.22167e-09)))
4.81809	(((-7.35624e-06 -1.32731e-08 -1.9619e-10) (-2.14976e-06 4.3908e-08 1.47482e-09)) ((9.67062e-11 -6.77745e-11 -6.11693e-10) (8.68259e-12 -1.76611e-10 7.6805e-09)))
4.83809	(((-7.36151e-06 1.88793e-08 4.33087e-10) (-2.29749e-06 -7.94258e-08 -6.46264e-10)) ((1.64959e-10 -4.12415e-11 1.05856e-09) (4.07268e-11 3.36031e-11 -2.22953e-09)))
4.85809	(((-7.81273e-06 -8.38622e-09 -2.16556e-10) (-2.39807e-06 7.04323e-08 1.96743e-10)) ((7.3013e-11 -6.23707e-11 -7.54547e-10) (5.38103e-11 -4.45113e-11 6.24539e-09)))
4.87809	(((-7.7056e-06 2.53293e-09 -1.67367e-09) (-2.4838e-06 -1.28611e-08 1.29044e-09)) ((-9.09977e-11 2.89199e-12 1.5214e-10) (1.25956e-10 -1.21608e-10 -8.24613e-10)))
4.89809	(((-7.71292e-06 4.73097e-09 -1.95671e-10) (-2.40506e-06 -5.76605e-08 1.40766e-09)) ((1.34237e-10 -5.31006e-11 -3.38804e-11) (1.27456e-10 -4.46998e-11 1.36697e-09)))
4.91809	(((-7.65953e-06 5.03292e-09 -1.18861e-09) (-2.41224e-06 -2.47514e-08 -2.39466e-10)) ((-7.18344e-11 -3.68228e-11 8.64603e-11) (1.74073e-10 -6.33047e-11 -2.10596e-09)))
4.93809	(((-7.62449e-06 3.28781e-09 -8.73725e-10) (-2.49093e-06 -4.79129e-08 4.1987e-09)) ((5.16051e-11 -1.28778e-11 3.47917e-10) (2.50392e-10 -3.14679e-10 -6.45511e-10)))
4.95809	(((-7.61515e-06 3.2085e-09 3.81397e-10) (-2.30611e-06 -9.37963e-08 4.03099e-10)) ((2.74879e-10 -1.91449e-11 5.31851e-10) (5.17223e-12 -4.97716e-11 -4.62232e-10)))
4.97809	(((-7.13197e-06 -2.77619e-08 -1.4016e-09) (-2.29607e-06 2.28285e-08 -9.32922e-11)) ((1.014e-10 1.37056e-11 -1.3599e-09) (-4.81694e-11 -7.23602e-11 7.22108e-09)))
4.99809	(((-7.16635e-06 -2.73994e-08 -5.0939e-10) (-2.11086e-06 4.79179e-09 1.21843e-09)) ((1.63819e-10 2.62881e-11 -1.16375e-09) (-8.12191e-12 1.9697e-12 6.58224e-09)))
